%YAML:1.0
---
K: !!opencv-matrix
   rows: 3
   cols: 3
   dt: d
   data: [ 6.0971030674385872e+02, 0., 9.5873275428162276e+02, 0.,
       5.6883488112566386e+02, 5.3347391066970476e+02, 0., 0., 1. ]
D: !!opencv-matrix
   rows: 1
   cols: 5
   dt: d
   data: [ -1.7483730622613436e-02, -1.1266128846190902e-02,
       -2.8525392054367257e-02, -1.0689804448252463e-03,
       3.5111274836290642e-04 ]
